8
8
8
9
9
9
8
8
7
7
7
7
7
7
7
7
7
7
7
7
7
7
7
7
7
7
7
7
7
7
8
8
8
9
9
9
8
8
9
9
9
9
8
8
9
9
9
9
8
8
9
9
9
9
8
8
9
9
9
9
6
6
6
6
6
6
6
6
6
6
6
6
6
6
6
6
5
5
6
8
8
6
5
5
5
5
5
6
6
6
6
6
6
6
6
5
5
5
5
2
2
2
2
2
2
5
5
5
5
5
5
2
2
2
2
2
2
5
5
8
5
5
8
2
2
2
5
5
5
5
5
8
5
5
8
5
5
8
4
4
4
4
4
4
3
3
3
4
3
3
3
3
3
3
3
3
3
3
6
3
3
6
6
3
3
6
6
3
3
3
3
3
3
3
3
3
3
2
2
2
2
2
2
2
2
2
2
3
3
4
4
4
4
4
4
4
4
4
4
4
4
2
2
2
2
2
2
2
2
2
4
4
4
4
4
4
16
16
16
16
16
16
17
17
17
17
17
17
0
0
0
0
0
0
0
0
17
17
17
17
1
0
0
0
0
0
0
0
0
0
0
0
0
0
0
0
0
0
17
17
0
17
17
17
17
0
0
1
1
1
1
1
1
1
1
15
15
15
15
16
16
16
16
16
16
15
15
15
15
15
15
1
1
1
1
1
1
1
1
1
1
1
1
1
15
15
15
15
15
15
1
1
1
1
4
1
1
4
16
16
16
16
16
16
16
16
16
16
16
16
15
15
15
15
15
15
15
15
15
15
15
15
15
15
15
20
16
16
17
16
16
17
16
16
20
20
17
17
17
17
16
16
16
17
17
17
17
17
17
17
17
17
11
11
11
11
11
11
11
11
11
11
11
11
11
11
19
19
19
19
19
19
19
19
19
19
11
11
11
11
11
11
11
11
10
11
11
11
10
10
10
10
10
10
10
10
10
10
10
10
10
10
10
18
18
18
18
18
18
18
18
19
19
19
19
18
18
18
18
18
18
18
18
11
11
11
11
18
18
18
18
18
18
18
18
18
18
11
11
14
14
14
14
14
14
14
14
10
14
14
10
14
10
10
19
19
19
20
20
20
19
19
19
19
19
19
18
18
18
18
18
18
18
18
18
19
19
19
19
19
19
19
20
20
20
20
20
20
20
20
20
20
20
11
11
20
11
11
11
11
20
20
20
20
20
20
20
20
14
13
13
13
13
13
14
13
13
13
13
13
14
14
14
13
13
13
14
14
14
13
13
13
14
14
14
13
13
13
10
12
12
13
13
13
10
12
12
12
12
12
10
12
12
12
12
12
10
12
12
12
12
12
10
12
12
12
12
12
