7
4
4
4
4
4
7
4
4
4
4
4
6
6
4
4
4
4
6
6
4
4
4
4
6
6
4
4
4
4
7
5
5
5
4
4
7
5
5
5
5
5
8
5
5
5
5
5
8
5
5
5
5
5
8
5
5
5
5
5
6
6
6
6
6
6
6
6
6
6
6
6
6
6
6
7
7
7
6
7
7
6
7
7
7
7
7
6
6
6
6
6
6
7
7
7
7
7
7
8
8
8
8
8
8
7
7
7
7
7
7
8
8
8
8
8
8
8
8
8
8
8
8
8
8
8
7
7
7
7
7
7
7
7
7
8
8
8
3
1
1
3
1
1
3
1
1
1
1
1
3
3
1
1
1
1
1
1
1
1
1
1
1
1
1
1
1
1
1
1
1
1
1
1
1
1
1
8
8
0
0
0
0
0
0
0
0
0
0
0
0
2
0
0
0
0
0
0
0
0
0
0
0
8
8
8
0
0
0
0
0
0
0
0
0
0
13
13
11
11
11
11
11
11
11
11
11
11
2
2
2
2
3
3
3
3
3
3
11
11
3
3
3
2
3
3
2
2
3
3
3
3
3
3
3
2
2
3
11
3
3
11
11
3
3
3
3
2
2
2
2
2
2
13
13
13
13
13
13
13
13
13
13
13
13
13
13
13
13
13
13
2
2
2
2
2
2
2
2
2
2
2
2
13
13
13
13
13
13
13
13
13
2
2
2
2
2
2
12
12
12
12
12
12
12
12
12
12
12
13
13
13
13
13
13
13
13
13
13
12
12
12
12
12
12
11
12
12
11
12
12
11
12
12
11
11
11
11
11
11
12
11
11
11
11
11
11
11
11
11
11
11
16
16
16
16
16
16
16
16
17
17
17
17
16
16
16
16
16
16
9
9
9
9
9
9
16
16
16
16
16
16
16
16
16
17
17
16
16
18
18
16
18
18
17
17
18
17
17
18
16
18
18
10
10
10
10
10
10
10
10
9
9
9
9
10
10
10
10
17
17
17
17
17
17
17
17
10
10
17
10
10
10
10
17
17
17
17
17
17
17
18
17
17
18
18
18
18
17
17
17
17
17
17
9
9
10
12
9
9
12
9
9
12
10
10
10
10
10
10
10
10
10
10
10
10
10
12
10
10
12
9
9
9
9
9
12
9
9
9
9
9
9
16
16
16
16
16
16
16
16
16
9
9
9
9
9
9
18
18
15
15
15
15
18
18
15
15
15
15
18
18
15
15
15
15
18
18
15
15
15
15
18
18
15
15
15
15
18
14
15
15
15
15
18
14
14
14
14
14
14
14
14
14
14
14
14
14
14
14
14
14
14
14
14
14
14
14
