7
7
4
4
4
4
4
7
7
4
4
4
4
4
7
6
4
4
4
4
4
6
6
6
4
4
4
4
6
6
6
4
4
4
4
6
6
6
4
4
4
4
7
5
5
5
4
5
5
5
5
5
8
5
5
5
5
8
5
5
5
5
8
5
5
5
5
5
5
5
5
8
4
8
8
7
7
6
6
6
6
6
6
7
7
7
7
6
6
6
7
7
6
6
6
6
6
6
6
6
6
6
6
6
7
7
6
7
7
7
6
6
7
7
7
7
7
7
1
6
7
6
7
6
1
8
7
8
7
8
8
8
7
7
7
8
8
8
7
8
8
8
8
8
8
8
8
8
8
8
8
8
7
8
7
8
8
8
8
7
7
8
8
8
8
8
7
3
1
1
3
1
1
3
1
1
3
1
1
1
1
1
3
3
3
3
1
1
3
3
1
1
3
1
1
1
1
1
1
3
1
1
1
1
1
1
1
1
1
1
1
1
1
0
1
0
0
0
0
0
0
0
0
0
0
0
0
0
0
0
2
0
0
0
0
0
0
0
0
0
0
0
0
2
0
0
0
0
0
0
0
8
0
0
2
0
9
9
12
15
10
15
10
2
13
10
12
15
16
18
10
16
16
9
13
18
18
18
9
10
10
10
10
9
10
10
10
10
10
10
17
17
17
10
17
17
17
17
10
10
10
17
17
17
17
2
13
13
11
13
2
3
2
13
3
2
11
13
13
2
2
2
2
13
2
11
12
12
12
13
12
12
12
10
12
9
11
11
11
11
12
13
12
10
11
16
16
9
9
9
14
14
14
14
14
15
14
14
14
11
9
11
16
11
17
18
15
17
16
18
9
13
12
11
18
18
17
18
18
11
16
2
16
16
16
17
17
16
16
9
9
9
16
16
16
16
16
16
17
17
18
18
18
18
17
17
17
18
10
10
10
9
9
10
17
17
17
17
10
10
17
10
17
17
17
17
17
18
17
18
18
18
17
17
11
11
11
11
11
2
2
3
3
3
3
3
3
2
3
3
2
2
3
3
3
3
3
3
3
3
2
2
2
13
13
13
13
13
13
13
2
2
2
2
2
2
2
2
2
13
13
13
13
13
2
2
12
12
12
12
12
12
12
12
12
13
13
13
13
12
12
12
11
12
12
11
12
12
11
12
12
11
11
11
11
11
11
11
9
9
10
12
9
12
9
12
10
10
10
10
10
10
10
12
18
18
15
15
15
18
18
15
15
15
18
18
15
15
15
18
18
15
15
15
9
9
9
9
9
9
9
9
9
16
16
16
16
9
9
9
18
14
15
15
15
14
14
14
14
14
14
14
14
14
14
14
14
14
14
14
16
18
10
10
10
12
13
11
2
2
15
14
3
16
12
18
12
13
9
16
16
3
16
17
16
17
17
16
16
16
16
17
16
16
16
16
9
16
16
9
9
9
11
11
11
11
11
11
12
11
11
11
11
2
2
3
3
3
3
3
3
3
2
2
13
13
13
13
13
13
12
12
13
13
15
18
15
15
15
18
18
15
15
15
15
2
13
13
18
18
