16
15
17
17
15
15
15
15
17
17
17
15
15
15
15
15
17
15
15
15
15
15
17
15
15
15
15
15
15
15
16
16
17
17
17
17
16
16
17
17
17
17
16
16
17
17
17
17
16
16
17
17
17
17
16
17
17
17
17
17
20
20
20
20
20
20
15
19
19
15
19
19
20
20
20
19
19
19
15
15
15
15
16
16
19
19
19
20
20
20
20
20
20
19
19
19
19
19
19
18
18
18
18
19
19
19
19
19
19
19
19
18
18
16
18
18
18
16
16
16
16
16
16
18
18
16
16
19
19
19
16
16
19
16
16
16
16
16
14
12
12
12
12
12
14
12
12
12
12
12
14
14
14
14
14
14
14
20
20
14
20
20
20
20
20
20
20
20
20
20
20
12
12
12
12
12
12
18
18
18
18
18
18
12
18
12
12
12
12
12
12
14
12
11
11
12
11
11
12
12
12
18
18
18
18
18
18
18
18
18
11
11
11
18
11
11
9
9
7
7
7
7
7
7
7
7
7
7
13
13
13
13
13
13
13
13
13
13
13
7
14
14
14
14
14
14
14
14
14
14
14
14
14
14
13
13
13
13
13
13
13
13
13
13
13
13
14
13
13
11
13
11
11
10
11
10
10
10
10
9
9
9
9
9
9
9
10
10
10
10
10
13
11
11
14
14
13
11
11
11
11
11
11
10
10
10
10
10
10
10
10
11
11
11
11
11
11
11
9
8
8
9
9
8
9
9
8
9
9
10
10
10
10
10
10
10
10
10
10
9
9
9
9
9
9
8
8
8
7
8
8
7
7
7
8
8
8
8
7
7
9
7
7
7
7
7
7
7
7
7
7
7
2
2
2
2
3
2
3
2
3
3
3
3
2
2
2
2
6
6
6
6
6
6
6
6
2
2
2
2
2
2
2
2
2
3
3
3
2
2
2
2
2
2
3
4
4
3
4
4
4
4
4
5
5
5
5
5
5
6
6
6
6
6
6
5
5
5
3
3
3
3
3
3
3
3
3
5
3
3
4
5
4
3
4
4
3
3
3
4
4
4
4
4
4
4
4
4
4
3
4
4
3
4
6
5
6
8
8
8
9
5
5
9
9
5
5
5
5
5
5
5
5
5
5
5
5
9
5
5
9
6
6
6
6
8
8
8
8
8
8
8
8
2
6
6
2
2
6
6
6
6
6
8
8
6
8
8
0
0
0
0
0
0
4
0
0
0
0
0
0
0
0
0
0
0
4
4
0
0
0
0
4
0
0
0
0
0
1
1
1
0
0
1
1
1
1
1
1
1
1
1
1
1
1
1
1
1
1
1
1
1
1
1
1
1
1
1
