9
9
10
10
10
10
9
9
10
10
10
10
9
9
10
10
10
10
9
9
10
10
10
10
9
9
10
10
10
10
9
10
10
10
10
10
9
9
10
10
10
10
9
9
10
10
10
10
9
9
10
10
10
10
9
9
10
10
10
10
8
8
6
8
8
6
9
9
8
9
9
8
6
8
8
8
8
8
9
9
9
9
9
9
8
9
9
6
6
8
8
8
8
8
8
8
8
8
8
8
8
8
8
8
8
8
8
8
8
8
8
8
8
8
8
8
8
9
9
9
9
9
9
8
8
8
8
8
8
9
9
9
9
9
9
9
9
9
6
6
6
6
6
6
6
6
6
6
6
6
6
6
6
6
6
6
6
6
6
6
6
6
6
6
6
6
6
6
6
6
6
6
6
6
6
6
6
8
8
8
8
8
8
6
6
6
6
6
6
6
6
6
6
6
5
6
6
5
6
6
6
8
8
8
8
8
8
8
8
8
8
5
5
8
5
5
0
0
0
0
0
0
7
7
7
7
7
7
7
7
7
7
7
7
7
7
7
7
7
7
7
7
7
7
7
7
7
7
7
7
7
7
7
7
7
7
7
7
7
7
7
7
7
7
7
7
7
7
7
5
5
5
5
5
5
5
5
5
5
0
0
0
0
0
0
5
5
5
5
5
5
7
5
5
7
7
7
5
5
5
5
5
5
5
5
5
5
5
5
5
5
5
5
5
5
5
5
5
0
0
1
0
0
1
0
1
1
0
0
0
5
5
5
5
5
5
5
5
5
5
1
1
5
1
1
0
0
0
0
0
0
0
0
0
0
0
0
0
0
0
0
0
0
7
7
7
7
7
7
7
7
7
4
4
4
4
4
4
4
4
4
4
3
3
4
4
4
4
4
4
1
1
1
1
1
1
4
4
4
4
4
4
4
4
4
3
3
4
4
4
4
4
4
4
3
3
3
3
3
3
4
4
4
1
1
1
1
1
1
1
1
1
1
1
1
3
3
3
3
3
3
3
3
3
3
3
3
3
3
3
3
3
3
3
3
3
3
3
3
3
3
3
3
3
3
3
3
3
3
3
3
3
3
3
1
1
1
1
1
1
1
1
1
1
1
1
1
1
1
1
1
1
1
1
1
1
1
1
1
1
1
1
1
1
0
0
0
0
0
0
0
0
0
4
4
4
4
4
4
4
4
4
0
0
0
0
0
0
3
2
2
2
2
2
3
2
2
2
2
2
3
2
2
2
2
2
3
2
2
2
2
2
3
2
2
2
2
2
3
2
2
2
2
2
3
4
4
2
2
2
4
4
4
2
2
2
4
4
4
2
2
2
4
4
4
2
2
2
