8
8
8
8
9
9
9
8
8
8
7
9
9
9
8
8
7
7
7
7
7
7
7
7
7
7
7
7
7
7
7
7
7
7
7
7
7
7
7
7
7
7
8
8
9
9
9
8
8
9
9
9
8
8
9
9
9
8
8
9
9
9
8
8
9
9
9
9
9
9
9
8
9
8
8
8
8
6
6
6
6
6
6
6
5
5
8
6
6
6
5
5
6
6
6
6
6
6
6
6
6
6
6
6
5
5
6
8
5
5
6
6
5
6
5
6
5
5
6
6
6
6
6
6
6
2
5
2
5
5
2
5
5
5
5
2
2
2
5
5
2
2
2
2
2
5
2
2
5
5
5
2
5
5
5
2
5
2
5
5
5
2
5
8
2
2
5
4
4
4
4
4
3
3
3
3
3
3
3
3
3
3
3
4
0
4
3
4
3
3
3
3
3
3
3
3
3
4
3
4
4
3
3
3
3
3
3
3
6
3
3
3
3
3
3
2
2
2
2
4
2
3
2
4
2
2
2
2
2
4
4
4
4
2
4
4
2
4
4
4
4
4
4
4
4
4
4
4
4
2
2
2
2
4
4
4
19
20
20
13
19
13
19
1
15
18
16
13
19
10
18
19
19
19
16
14
14
10
19
19
18
18
18
19
19
19
18
18
18
18
18
11
11
18
18
18
18
11
18
18
18
18
14
14
14
1
15
1
17
15
1
0
1
1
0
0
17
16
15
1
1
1
0
15
1
17
15
16
15
15
15
16
15
18
16
20
20
20
20
17
19
15
16
19
17
11
20
20
20
20
10
12
12
12
12
13
12
12
12
17
19
17
10
17
11
10
13
10
11
14
19
16
16
17
10
10
11
10
14
20
10
1
11
11
11
11
11
19
19
19
19
19
11
11
10
11
10
10
10
10
10
10
10
10
10
10
10
10
18
18
18
19
19
18
18
18
11
11
18
18
14
18
18
14
14
10
14
14
14
14
14
14
14
10
16
16
16
17
17
0
0
0
0
17
0
0
0
0
0
0
0
0
0
0
0
0
17
17
17
17
1
1
1
1
15
16
16
16
15
15
1
1
1
1
1
1
1
1
1
1
15
15
15
1
1
1
16
16
16
16
16
16
15
16
16
15
15
15
15
15
15
15
20
20
16
17
17
16
17
17
16
20
17
17
17
17
17
17
19
19
19
20
20
19
19
19
19
18
18
18
18
19
19
19
14
13
13
13
13
14
13
13
13
13
14
14
14
13
13
14
14
14
13
13
20
20
20
20
20
20
20
20
20
11
20
11
20
20
20
20
10
12
12
13
13
10
12
12
12
12
10
12
12
12
12
10
12
12
12
12
11
10
18
18
18
16
16
17
0
0
13
12
0
11
15
10
20
15
19
11
11
0
11
10
11
11
11
11
11
11
11
11
11
11
11
11
19
19
20
20
20
20
17
17
17
16
16
16
16
16
17
17
17
0
0
0
0
0
17
17
0
0
0
0
16
15
15
15
15
15
16
16
15
15
13
14
13
13
14
14
14
13
13
13
13
1
15
15
14
10
