10
9
10
10
10
10
10
10
10
10
10
10
10
10
10
10
10
10
10
10
10
10
10
10
10
10
10
10
10
10
10
9
9
9
9
10
9
9
9
9
9
9
9
9
9
9
9
9
9
9
9
9
9
9
9
9
9
9
9
9
11
11
11
11
11
11
12
12
12
12
12
12
11
11
11
12
12
12
12
12
12
12
12
12
12
12
12
11
11
11
11
11
11
12
12
12
12
12
12
13
13
13
13
13
13
13
13
13
12
12
12
13
13
13
13
13
13
13
13
13
13
13
13
13
13
13
13
13
12
12
12
12
13
13
9
13
13
9
15
15
15
15
15
15
15
15
15
15
15
15
15
15
15
15
15
15
15
11
11
11
11
11
11
11
11
11
11
11
11
11
11
15
11
15
11
15
15
14
13
14
14
14
14
14
14
14
14
15
14
15
15
15
14
14
14
14
14
14
15
14
14
14
14
14
14
14
14
14
14
14
14
14
18
14
14
18
5
5
4
4
4
4
4
4
4
4
17
17
18
18
17
17
17
17
17
17
17
17
17
17
17
17
17
18
17
17
18
18
17
15
15
17
15
17
17
18
18
17
17
17
17
17
17
17
17
17
17
18
18
18
16
18
16
16
16
16
16
16
16
5
5
5
5
5
5
16
5
16
16
16
16
18
18
18
18
18
18
18
18
18
18
18
18
16
16
16
16
16
16
16
16
16
18
18
18
18
18
18
5
5
5
5
5
5
5
5
5
5
5
5
16
16
16
16
16
16
16
16
16
5
5
6
5
5
7
4
5
5
4
5
5
4
4
5
4
4
4
4
4
4
5
4
4
4
4
4
4
4
4
4
4
4
8
8
1
1
1
1
1
1
1
1
1
1
8
8
8
8
8
8
8
8
7
8
7
7
8
1
1
8
8
1
1
1
1
0
1
1
1
1
1
1
1
1
0
0
3
1
1
1
1
1
1
6
6
6
6
6
6
7
7
7
7
7
7
6
6
6
6
0
0
0
0
0
0
0
0
6
6
0
6
6
6
6
0
0
0
0
0
0
0
0
0
0
2
0
0
2
0
0
0
0
0
0
7
7
7
7
7
7
7
7
7
7
7
7
6
6
6
6
6
6
6
6
6
6
6
6
6
6
7
7
7
8
7
7
7
7
7
7
8
8
4
8
8
8
8
8
8
8
8
8
8
8
4
8
8
8
2
2
2
2
2
2
2
2
2
2
2
2
2
2
2
2
2
2
2
2
2
2
2
2
0
2
2
2
2
2
3
3
3
3
3
3
3
3
3
3
3
3
3
3
3
3
3
3
3
3
3
3
3
3
3
3
3
3
3
3
